1.7064100503921509
-2.13559889793396
1.5903209447860718
0.6610941290855408
-0.039091624319553375
-0.3295896649360657
-2.1885368824005127
-2.131877899169922
-2.1505045890808105
-1.3417155742645264
-0.9039785861968994
-0.27549171447753906
-0.8676666021347046
-1.7466691732406616
-0.8843231201171875
-1.1589981317520142
-1.6007333993911743
-0.8655279278755188
0.448996901512146
-2.1885368824005127
-1.1075506210327148
-0.6828292608261108
-2.0897045135498047
-2.033916473388672
-2.033916473388672
-2.033916473388672
-1.5884591341018677
0.21058472990989685
-1.8811253309249878
0.8212385773658752
0.4895545244216919
-1.7265050411224365
-1.9862406253814697
0.12687084078788757
-1.858261227607727
-1.2283098697662354
-0.36753299832344055
-2.1885368824005127
-1.6271008253097534
-2.1885368824005127
0.4895545244216919
-2.1885368824005127
-0.8062478303909302
-0.8626837134361267
0.8469323515892029
-0.3510618507862091
0.10387283563613892
-0.4740371108055115
0.02417975477874279
-0.4055795669555664
-0.5620465278625488
-0.709496796131134
-0.2798752784729004
-0.2539977729320526
0.7423988580703735
-2.1885368824005127
-0.9018399119377136
-1.1276750564575195
-0.8525310158729553
-2.1885368824005127
-1.516345500946045
-1.3260846138000488
-2.1885368824005127
1.6306108236312866
-2.006974935531616
-0.13751579821109772
-2.1885368824005127
-1.8023276329040527
0.2613966166973114
1.255087971687317
-2.1885368824005127
-1.2307863235473633
-1.213478684425354
-1.240278720855713
-0.13277503848075867
1.5803276300430298
-2.131877899169922
1.2070518732070923
0.14828120172023773
-0.03029531054198742
1.085241436958313
0.08828779309988022
-1.1468333005905151
-2.1869056224823
-1.8309645652770996
-1.3516262769699097
-0.38602927327156067
1.2759065628051758
0.4253520965576172
-0.8521614074707031
-1.8931324481964111
-2.150359630584717
1.189282774925232
-2.1550045013427734
0.4368439316749573
1.4868321418762207
0.8107760548591614
-2.1885368824005127
0.10812347382307053
-0.3759225606918335
-2.291653871536255
-1.3712208271026611
-0.4029971957206726
-2.169910192489624
1.0931776762008667
-2.1885368824005127
0.42100781202316284
-2.169910192489624
-2.1550045013427734
-1.6573388576507568
-0.46942177414894104
0.5002208352088928
-0.9806908369064331
0.5049256682395935
0.849354088306427
-2.1885368824005127
0.5338116884231567
-0.2967582046985626
0.2636740803718567
-0.39755356311798096
-0.03605018928647041
-2.169910192489624
-0.37057989835739136
1.4601072072982788
-2.169910192489624
0.03899971395730972
-2.131877899169922
1.8843061923980713
-2.1869056224823
-1.5099660158157349
-1.3514608144760132
1.4186911582946777
-0.8777523040771484
-1.2123397588729858
-1.1456817388534546
-1.956651210784912
-0.4016260504722595
-0.5333115458488464
-2.1885368824005127
-2.131877899169922
-1.3415260314941406
-1.502025842666626
1.0092418193817139
-0.35066214203834534
-2.131877899169922
1.7125986814498901
-1.6939362287521362
-1.5067623853683472
0.48928102850914
-1.9881166219711304
-1.712956190109253
-1.764014482498169
0.8215424418449402
-2.169910192489624
-0.539674699306488
-0.5532833337783813
-0.11049937456846237
-0.15423953533172607
-0.05945556238293648
-2.2063803672790527
-1.9208247661590576
1.3974095582962036
0.09120868146419525
-2.2064781188964844
1.0634331703186035
0.32888367772102356
-2.1505045890808105
-1.8356852531433105
-2.1505045890808105
-0.09016896039247513
0.09928152710199356
-0.2204716056585312
-2.152681350708008
0.48343923687934875
0.2600421905517578
0.23437072336673737
-2.131877899169922
-1.1982654333114624
1.4156581163406372
-2.2064781188964844
-2.1505045890808105
-0.2688875198364258
0.13657867908477783
0.10187743604183197
-1.1037414073944092
1.1869899034500122
-2.1505045890808105
-2.2055323123931885
-1.5246269702911377
1.1085395812988281
-1.9152899980545044
1.2351025342941284
-1.5017759799957275
-1.3555865287780762
-2.1505045890808105
-1.2229340076446533
-2.131877899169922
0.3487839698791504
-2.131877899169922
0.6225612759590149
1.0870189666748047
-1.9589602947235107
-0.026805227622389793
-0.9546132683753967
-1.4130998849868774
0.8572512269020081
0.9320290684700012
0.8719123005867004
-0.8105432391166687
-0.3251436948776245
-2.2055323123931885
1.8316364288330078
-2.1505045890808105
0.09455539286136627
0.8104075193405151
1.4126580953598022
-0.42101943492889404
-2.1505045890808105
-1.0610995292663574
-0.11098962277173996
-0.4763621687889099
-0.7995689511299133
-1.8429585695266724
1.0085010528564453
-0.5854521989822388
-0.7793912291526794
-1.7393978834152222
-1.677506446838379
-0.17432135343551636
0.11244874447584152
-1.4074703454971313
-0.4696352481842041
-1.445741891860962
-0.502545952796936
-2.169910192489624
0.48700034618377686
-0.04757484048604965
-1.2547502517700195
1.7183502912521362
-1.37601637840271
-0.20473609864711761
-2.131877899169922
-1.9498109817504883
-0.3826530873775482
-1.436492681503296
-2.131877899169922
-1.6441487073898315
1.3309643268585205
-1.922938346862793
-2.1505045890808105
0.21659773588180542
-2.1505045890808105
1.5399008989334106
-0.9652717113494873
0.6443789005279541
-2.088073253631592
-1.3980437517166138
-0.6449190974235535
-0.7389410138130188
-1.111364722251892
0.08589308708906174
0.08589308708906174
-2.1885368824005127
-0.581419050693512
1.3252713680267334
0.9373414516448975
-2.1885368824005127
1.4997236728668213
0.6933583617210388
-2.033916473388672
-2.033916473388672
-2.074089288711548
0.9079546928405762
-1.895870566368103
-0.602361798286438
-2.1885368824005127
-0.8696258664131165
-1.4273923635482788
-1.961510419845581
1.015921950340271
0.2594829201698303
-0.33755865693092346
1.3620673418045044
-2.175971031188965
-0.9577993750572205
-0.34837058186531067
0.7974135279655457
-2.169910192489624
-2.224937915802002
-2.1885368824005127
1.79817533493042
-0.3578353524208069
0.8877244591712952
-1.1501094102859497
-2.111431837081909
-0.5324132442474365
-2.169910192489624
-2.169910192489624
-1.6593480110168457
1.3123281002044678
-1.1797252893447876
-2.1885368824005127
-2.0473082065582275
-0.5518137216567993
-1.3704687356948853
-0.1804075837135315
-0.9758884310722351
0.8382557034492493
-1.7623374462127686
-2.1885368824005127
1.209427833557129
-0.7156257033348083
-2.1885368824005127
1.2063320875167847
-1.5150803327560425
-0.3526962697505951
-0.7663268446922302
-2.1885368824005127
-1.6298290491104126
-0.4682159125804901
-0.9596067070960999
-0.8115274906158447
-1.2671546936035156
0.20581114292144775
-1.6268165111541748
0.9863478541374207
-1.7466691732406616
-1.359822154045105
-1.343784213066101
-1.4236302375793457
-0.12715493142604828
0.10603749752044678
0.20377926528453827
-0.14768505096435547
-1.3966704607009888
-2.1505045890808105
-0.10609569400548935
-1.5902992486953735
-1.3138078451156616
0.08993201702833176
-0.0627528727054596
0.36744189262390137
1.6435728073120117
1.3602147102355957
0.5388614535331726
-0.03432770073413849
-2.1885368824005127
-2.202608585357666
-1.3542592525482178
-2.1885368824005127
0.2872644364833832
0.9084975719451904
0.5026189088821411
-0.7823372483253479
-0.2224467396736145
-0.012030551210045815
1.4483338594436646
-1.4529070854187012
-1.1403051614761353
0.7882235050201416
-1.6273605823516846
-2.1505045890808105
0.10098471492528915
-0.04828207194805145
-0.8884757161140442
1.1557893753051758
1.1216964721679688
1.482043981552124
-2.1885368824005127
-0.1201474592089653
0.7015731334686279
-0.7532221674919128
-0.8563388586044312
-0.9056477546691895
1.1870239973068237
1.2226508855819702
-0.835889458656311
0.22182346880435944
-2.033916473388672
-0.8721333742141724
-2.1505045890808105
0.9731707572937012
1.0797532796859741
-1.8942638635635376
0.5988316535949707
-0.01640445552766323
1.2209258079528809
1.8607016801834106
-2.1505045890808105
1.2335350513458252
-2.1505045890808105
-2.1505045890808105
0.2939991056919098
1.162084698677063
-2.1885368824005127
-2.1885368824005127
-2.1505045890808105
-0.017642026767134666
-0.2488311529159546
-0.061614200472831726
-2.1885368824005127
-0.6076393723487854
-2.1505045890808105
0.02311105467379093
0.004622066393494606
-2.1505045890808105
0.6109532117843628
-0.18617649376392365
-2.1885368824005127
-0.9213722944259644
0.9280624389648438
0.7555097937583923
1.2670725584030151
0.2660580575466156
-0.9146977663040161
-0.382897287607193
-0.08513152599334717
-1.0148259401321411
-1.2347465753555298
0.34120142459869385
0.5830605030059814
0.6299939751625061
0.45052289962768555
0.9379397034645081
-0.4448413550853729
0.6269009113311768
0.9539331197738647
0.45052289962768555
-2.1885368824005127
0.3771408796310425
-1.1884512901306152
-0.3486332595348358
0.3635149598121643
-0.9470914602279663
0.43016108870506287
1.0149402618408203
-0.2751314640045166
0.20761336386203766
-0.05279814824461937
-2.1885368824005127
-0.8224489688873291
-0.3781113922595978
-0.3871493339538574
-2.0437920093536377
-1.311524748802185
-0.35109472274780273
-0.11751750111579895
-0.23955059051513672
-0.3871493339538574
-0.8676680326461792
-1.9459757804870605
0.7123584151268005
-0.8323193192481995
-1.3961528539657593
0.5944458842277527
-1.298403263092041
0.5944458842277527
-1.0535205602645874
-1.2238504886627197
-1.6385643482208252
0.029125085100531578
-0.22090111672878265
-0.36392372846603394
0.10427243262529373
-0.8807840943336487
-1.7581734657287598
-1.7581734657287598
0.04975089430809021
-2.1885368824005127
-2.1885368824005127
-0.09131091088056564
-1.0225633382797241
-2.1885368824005127
-0.11275121569633484
-1.4358766078948975
-2.1885368824005127
-2.1885368824005127
-2.1885368824005127
-2.1885368824005127
-2.1885368824005127
-0.2773771584033966
0.039114609360694885
-0.5810011029243469
-0.41598764061927795
-2.1885368824005127
-2.1885368824005127
-2.1885368824005127
0.638791024684906
-1.6784820556640625
-2.1878514289855957
-1.6784820556640625
-0.6654290556907654
-2.1885368824005127
-1.305153727531433
0.605501651763916
-0.6360741257667542
1.926186442375183
-1.34430992603302
-1.1387865543365479
-0.7170202732086182
-0.6206971406936646
1.091949701309204
-0.12066049873828888
-2.1885368824005127
-0.3731178641319275
-2.1505045890808105
-0.3460581302642822
-0.3460581302642822
-1.0197346210479736
-2.1505045890808105
-0.7723174095153809
-2.1885368824005127
0.12681323289871216
-2.1885368824005127
-2.1505045890808105
0.09761515259742737
-0.19181962311267853
0.16231344640254974
1.7810059785842896
1.8478633165359497
0.1402101069688797
-1.4069015979766846
-1.4069015979766846
0.1870984435081482
0.12681323289871216
-2.1399571895599365
-0.2787361145019531
-1.8828182220458984
0.12681323289871216
-1.2963860034942627
-1.3838709592819214
-0.7138136625289917
-1.6802737712860107
-2.1885368824005127
-0.5560658574104309
-0.6357083320617676
0.40464723110198975
0.22418563067913055
1.5983365774154663
0.2842308580875397
-1.9543310403823853
-2.1505045890808105
-1.343700647354126
0.6758777499198914
-1.5468182563781738
-1.62827730178833
-2.169910192489624
-1.6590521335601807
-1.9624967575073242
0.6598811149597168
0.7099612951278687
-1.264495611190796
-1.3891432285308838
-2.1885368824005127
1.0203979015350342
-1.487429141998291
-2.169910192489624
0.09240495413541794
-1.7206509113311768
-2.1885368824005127
-0.8756968379020691
-1.2948702573776245
-1.1407594680786133
-0.8347303867340088
-0.42219021916389465
0.1508924663066864
-0.9626138806343079
-1.648031234741211
-1.509985327720642
-0.6383740305900574
0.6210309863090515
-2.2435646057128906
-2.1885368824005127
-1.3462857007980347
-2.1885368824005127
0.5328342914581299
-2.1885368824005127
-0.19425594806671143
-0.6744610071182251
0.7049535512924194
0.7557496428489685
-2.169910192489624
-0.7540948987007141
-0.6534816026687622
-1.5561083555221558
-0.235003262758255
-0.45120692253112793
-0.6385474801063538
-2.1885368824005127
0.6334424614906311
0.46839624643325806
-0.5868074297904968
-2.1885368824005127
-1.3234632015228271
0.23334217071533203
-1.902883529663086
-0.8626837134361267
0.05339275300502777
-2.1878514289855957
-0.13128086924552917
0.05339275300502777
-2.169910192489624
-1.1992478370666504
-1.902883529663086
-1.011048436164856
-1.5790817737579346
0.19858673214912415
-1.150801420211792
1.5926768779754639
-0.7944335341453552
-1.451341986656189
-2.1885368824005127
-2.169910192489624
-1.6784820556640625
-0.25767770409584045
-1.9632230997085571
-2.060458183288574
-1.044052243232727
0.21980459988117218
-0.7171762585639954
1.7679359912872314
-2.1885368824005127
-1.2537062168121338
-2.131877899169922
-2.224937915802002
-1.6568090915679932
-1.9998819828033447
-2.037914276123047
-1.9164924621582031
-2.169910192489624
0.8594322800636292
0.8594322800636292
0.9148730635643005
0.9148730635643005
0.9148730635643005
0.9148730635643005
0.8594322800636292
-2.3249378204345703
-0.25842851400375366
1.6894056797027588
-2.249191999435425
0.8594322800636292
-2.264282703399658
-0.0462774932384491
-0.739875316619873
-2.169910192489624
0.23690325021743774
0.13760697841644287
-1.3696730136871338
-0.17906028032302856
1.4236806631088257
-1.5584508180618286
-2.1878514289855957
-1.3934931755065918
0.16026073694229126
1.5015403032302856
-0.005244001746177673
-1.3137521743774414
-1.0521959066390991
-1.4083086252212524
1.1890013217926025
-0.8936784863471985
-1.4248428344726562
-0.30034539103507996
-1.1710368394851685
-0.30146414041519165
1.853102445602417
0.10883449763059616
-1.3154881000518799
-0.39666521549224854
-1.9208247661590576
-0.1960039734840393
0.357124388217926
0.4664914906024933
-0.4066259562969208
0.5633577108383179
-1.6721738576889038
-2.1878514289855957
0.5277281403541565
-0.10828027874231339
-0.9361236691474915
-2.2064781188964844
-2.2064781188964844
-2.1878514289855957
-2.2064781188964844
-2.1878514289855957
-1.2636691331863403
-1.7555620670318604
-1.3878693580627441
-1.3793189525604248
-1.3228988647460938
-1.2604777812957764
-1.9482407569885254
-1.7555620670318604
1.0517890453338623
-1.6357558965682983
0.3282681703567505
-2.2064781188964844
-0.9759581685066223
0.8015566468238831
-2.2064781188964844
-0.6527807712554932
-2.2064781188964844
-2.2064781188964844
-1.6782640218734741
0.8815250396728516
-2.2064781188964844
0.5034416913986206
-0.025459976866841316
-2.1505045890808105
-1.8599134683609009
1.5015403032302856
0.4617868959903717
0.9085286855697632
-2.1878514289855957
-2.2064781188964844
-2.1878514289855957
-0.1111629381775856
-1.1351710557937622
-0.39982372522354126
-2.2064781188964844
-2.2064781188964844
-2.1878514289855957
-2.2064781188964844
-1.8240405321121216
-0.8332576751708984
-0.2520907521247864
-2.1878514289855957
-0.5490762591362
1.2789963483810425
-0.8440762162208557
-0.8887447118759155
-1.058179497718811
-2.0963358879089355
-1.7571619749069214
-1.1637206077575684
-1.3096674680709839
-2.2428791522979736
-1.6317085027694702
-2.1878514289855957
-0.1313239336013794
-0.5271177887916565
-0.8720718622207642
-0.6798601746559143
-1.6447577476501465
-0.3760456442832947
0.4438799023628235
0.15570950508117676
-0.4618183672428131
-1.031856656074524
-2.169910192489624
-2.0963358879089355
-2.0963358879089355
-1.751124620437622
-0.1994059681892395
-1.0355932712554932
-2.1878514289855957
-0.15150971710681915
-0.7446233630180359
0.07504374533891678
-0.024674147367477417
-1.0998988151550293
-0.31974658370018005
0.43061789870262146
-0.23404458165168762
-2.2064781188964844
0.005122389644384384
0.05911005288362503
-1.851761817932129
-1.2956863641738892
-0.7834548354148865
-1.7089868783950806
-1.0500457286834717
-2.1505045890808105
-2.1505045890808105
-0.5282614827156067
-0.22119490802288055
-2.0280723571777344
-1.8430931568145752
0.32895427942276
-2.106173038482666
0.9633408784866333
0.8086821436882019
1.0107511281967163
-2.121330499649048
-1.9095345735549927
-1.8474427461624146
-2.1505045890808105
-2.131877899169922
-1.394421100616455
1.984875202178955
-2.1505045890808105
-2.1869056224823
-2.079084873199463
-0.39319148659706116
-1.2214033603668213
0.3006567656993866
0.599606454372406
-0.20042769610881805
-2.1878514289855957
0.31532448530197144
-1.8724994659423828
0.7653800845146179
-2.169910192489624
-2.1885368824005127
-0.09019722789525986
-0.13322384655475616
-0.5891532897949219
-1.7012264728546143
-1.637908935546875
0.8940396904945374
-2.0140490531921387
-2.0897045135498047
-2.169910192489624
0.17780768871307373
-1.2967931032180786
-2.1885368824005127
-2.224937915802002
-2.1885368824005127
1.9670783281326294
1.3630237579345703
-2.1505045890808105
0.9257664084434509
0.9963873028755188
0.058832358568906784
-0.771111011505127
0.6380577087402344
1.047834873199463
1.1145925521850586
1.8202353715896606
-2.131877899169922
-1.152976155281067
-0.28864413499832153
-0.5072713494300842
1.6901081800460815
-2.1885368824005127
2.014622926712036
1.502368450164795
-1.456189513206482
-2.1505045890808105
-0.7387170195579529
-0.8321158289909363
0.5778758525848389
-1.780177354812622
-0.09029971808195114
-0.43254995346069336
-2.037914276123047
-2.1169722080230713
-0.38387659192085266
-1.645326852798462
-2.1885368824005127
-0.758144199848175
-0.956251323223114
-0.45500659942626953
-2.108246088027954
-2.131877899169922
-1.874437689781189
-2.131877899169922
1.5610804557800293
0.6364293098449707
1.0371321439743042
-2.169910192489624
1.1279995441436768
-2.1550045013427734
1.6398330926895142
1.764710783958435
-2.131877899169922
-0.30487367510795593
-2.169910192489624
1.4302852153778076
1.0011382102966309
-1.8474427461624146
-1.6782045364379883
-1.5242059230804443
-0.5945486426353455
-2.131877899169922
-0.5301859378814697
-1.8474427461624146
-2.0313899517059326
-1.9451441764831543
-2.1505045890808105
-1.8375927209854126
-0.20479993522167206
-2.1885368824005127
0.3697108030319214
-2.169910192489624
-2.052123785018921
0.33639103174209595
-2.1885368824005127
-0.09333793818950653
1.667261004447937
-1.353043794631958
0.3655954599380493
0.095391184091568
0.2534506320953369
-0.01333991251885891
-0.11335998773574829
0.0019952356815338135
-2.169910192489624
1.6167175769805908
-0.04374467208981514
-1.1549952030181885
-2.0093588829040527
1.4799073934555054
-2.175971031188965
-2.175971031188965
0.3200853765010834
-0.7740910053253174
-0.6825845241546631
0.9087698459625244
0.27098414301872253
-2.0558555126190186
-0.9797350764274597
1.2837183475494385
-2.078394651412964
-0.2742909789085388
-2.172945737838745
-2.1550045013427734
-1.7595795392990112
0.4257810711860657
-2.1885368824005127
-1.6569169759750366
-2.169910192489624
-0.4952428638935089
-1.7963708639144897
-1.4330501556396484
-1.3374512195587158
0.2424105405807495
-2.138810157775879
-1.9014028310775757
-1.417521595954895
0.6423448324203491
-1.0940227508544922
-2.1169722080230713
1.351151466369629
-0.4508613348007202
-0.6873723268508911
-0.13969562947750092
-1.6184232234954834
-1.1491332054138184
-2.1169722080230713
-0.0025196652859449387
-0.15393711626529694
0.6005815267562866
-2.1885368824005127
0.8803211450576782
-0.9508117437362671
0.144737109541893
-1.437239170074463
-2.1885368824005127
-1.0496203899383545
-0.4831211566925049
0.17306052148342133
-1.2896473407745361
-1.6323322057724
-0.45601487159729004
-2.1885368824005127
-1.394562840461731
-1.9660861492156982
-2.1885368824005127
-2.1885368824005127
-1.6797248125076294
-1.2333415746688843
-1.4271585941314697
-2.1869056224823
-2.1169722080230713
-2.1505045890808105
0.7610799074172974
-2.1505045890808105
-1.7741711139678955
-2.1505045890808105
0.3529091775417328
-2.1869056224823
-0.7444577217102051
0.03267640247941017
-1.8622812032699585
1.7759588956832886
-2.13559889793396
0.1633562594652176
-1.3291884660720825
-2.173631191253662
-2.1399571895599365
-0.566443681716919
0.12444866448640823
-0.7375169396400452
-0.23420719802379608
-0.25903555750846863
1.6957998275756836
0.1620049625635147
-0.19595129787921906
-0.6314371228218079
-0.23982007801532745
-1.4922598600387573
-1.0625180006027222
0.5633472800254822
-0.6405246257781982
-0.4626026153564453
-2.1885368824005127
-2.1885368824005127
-0.2324431836605072
-0.26528578996658325
-0.11254144459962845
-0.503637969493866
-0.5820404291152954
-1.751144528388977
2.219923973083496
0.5788610577583313
-1.105181097984314
-0.7549192905426025
-1.477189302444458
-2.169910192489624
-2.169910192489624
-2.131877899169922
-1.4329198598861694
-0.7705214619636536
1.0254201889038086
-1.7578264474868774
0.6353772878646851
-1.5891211032867432
0.6045989990234375
-2.055642604827881
-0.09175696969032288
-1.0233956575393677
-1.3215484619140625
-2.1885368824005127
-1.7101737260818481
-0.8892505764961243
-1.3402725458145142
-2.1169722080230713
-1.9998819828033447
1.8944143056869507
-1.2222175598144531
0.335462361574173
-1.505455732345581
-1.3431806564331055
-1.2886855602264404
-1.8904407024383545
-2.130058526992798
-1.9390819072723389
-1.9390819072723389
-2.012092113494873
-1.3431806564331055
-1.2886855602264404
-2.061811685562134
-2.061811685562134
-1.3279954195022583
1.445617437362671
-2.130058526992798
-2.0002267360687256
-1.5233497619628906
-0.42995017766952515
-2.1885368824005127
-0.11596673727035522
1.306268572807312
0.2452160120010376
-2.1885368824005127
-2.1885368824005127
-0.1970020979642868
-0.4246935248374939
-2.13559889793396
0.2415338009595871
0.9634127020835876
-1.2633998394012451
-2.1885368824005127
-0.29590409994125366
-0.2885594964027405
-1.9282488822937012
-0.10719463974237442
7.345136255025864E-4
-2.169910192489624
-2.1885368824005127
-2.169910192489624
-0.19950829446315765
-0.19930538535118103
1.7535200119018555
-1.8697030544281006
-2.121330499649048
-1.9576882123947144
-1.6422092914581299
-2.2435646057128906
-2.1550045013427734
-2.1885368824005127
-0.015177191235125065
0.5044639110565186
0.4723101258277893
-1.5840411186218262
-1.3575928211212158
-1.3561068773269653
-2.1885368824005127
1.5735805034637451
-0.06434040516614914
-0.7720449566841125
-1.6724251508712769
1.4055509567260742
-2.1885368824005127
-0.47526586055755615
-2.1885368824005127
-1.938801884651184
-2.175971031188965
1.0837433338165283
1.5502707958221436
-1.5840411186218262
-0.017029348760843277
-0.5370048880577087
-1.2155179977416992
-0.8133748173713684
-0.7881260514259338
-1.3293771743774414
0.13258571922779083
-0.38514265418052673
0.16611063480377197
-1.3892781734466553
-2.169910192489624
-0.06013961136341095
0.04957860708236694
-1.6220461130142212
-2.175971031188965
-2.068127155303955
0.593140721321106
1.0124491453170776
-1.3586772680282593
-2.1885368824005127
-2.006974935531616
-2.006974935531616
-1.84185791015625
0.5985276103019714
-0.3404359221458435
-1.2856731414794922
-0.04338556528091431
-0.2061213105916977
-1.6605408191680908
0.9255073070526123
-1.6826348304748535
-1.3021520376205444
-1.905727744102478
0.18874289095401764
-1.1821788549423218
-0.9617395401000977
-2.1082828044891357
-1.860142469406128
-1.8023276329040527
-1.5357604026794434
-0.012454947456717491
0.41709089279174805
1.3434937000274658
-2.0832982063293457
-1.7222696542739868
-2.131877899169922
0.17269551753997803
-1.0565037727355957
0.6578174829483032
-2.1505045890808105
1.0064473152160645
-1.9200294017791748
-2.1505045890808105
-2.1885368824005127
-2.1885368824005127
0.19107086956501007
-1.378365397453308
-1.582188367843628
1.1863065958023071
-0.1868494302034378
1.0238817930221558
-0.7203142046928406
-0.6905469298362732
-0.037249282002449036
0.023625319823622704
0.06285344064235687
-0.6508668065071106
-2.131877899169922
-1.9307998418807983
-1.2807327508926392
-1.3584375381469727
-0.31633633375167847
-0.25138550996780396
-1.837231993675232
-1.837231993675232
-2.083887815475464
-1.9307998418807983
-1.7127902507781982
-2.1505045890808105
-0.6724082827568054
-0.6724082827568054
-0.037312351167201996
-0.1868494302034378
0.14435510337352753
-2.131877899169922
-1.0166879892349243
-1.0940519571304321
0.0046883560717105865
-0.08349316567182541
-0.21907250583171844
-0.045193254947662354
2.0128352642059326
-0.3677975833415985
-0.03534810245037079
0.0066797733306884766
-1.3889894485473633
-0.3027009665966034
-2.0700650215148926
-1.9162988662719727
-2.2064781188964844
-2.2064781188964844
-1.1337288618087769
-0.06554590165615082
-0.9888665080070496
-1.3010200262069702
0.09677181392908096
-0.22026927769184113
-0.9380188584327698
-2.1505045890808105
0.4268623888492584
-2.1869056224823
-1.0710160732269287
1.3809913396835327
1.1854348182678223
-0.4966331422328949
-0.19123537838459015
-0.571212649345398
-2.169910192489624
1.50495183467865
0.8429138660430908
-1.6405686140060425
-1.2715263366699219
1.001728892326355
0.9348270297050476
-2.1885368824005127
-0.5607485771179199
-1.1861681938171387
-2.1885368824005127
-2.0376882553100586
1.0626007318496704
0.5111420750617981
0.9763341546058655
0.04338043928146362
-0.8408969044685364
-0.6445053219795227
-2.1885368824005127
-2.1885368824005127
0.15547220408916473
0.4892311096191406
-1.9574910402297974
-1.9574910402297974
-0.6618949174880981
-0.2802577018737793
-0.636741042137146
-0.5607485771179199
-0.2671358585357666
-0.2261807918548584
0.22418563067913055
-0.18779869377613068
0.4432818591594696
-0.2802577018737793
-1.0940396785736084
-0.28929316997528076
-1.011048436164856
-1.0610554218292236
-2.1885368824005127
-2.1885368824005127
0.17815129458904266
-0.6274113655090332
-0.8210112452507019
-0.32169604301452637
-2.043144464492798
0.3005000054836273
0.3317326307296753
-0.4281257390975952
-2.1885368824005127
-1.1663788557052612
-2.2111597061157227
-0.46390455961227417
-2.1885368824005127
-0.9919260740280151
-1.694277286529541
0.042583756148815155
-1.435235619544983
-0.20099875330924988
0.995857834815979
-1.5991551876068115
0.2241034060716629
-0.032912932336330414
0.41562774777412415
0.7460834383964539
0.23099708557128906
-0.04300174117088318
-0.734325647354126
0.8825789093971252
-2.1885368824005127
-0.5181328058242798
1.8976749181747437
-0.029285281896591187
-1.342174768447876
-0.7648417949676514
1.5295352935791016
-2.1885368824005127
-1.485072374343872
-2.1885368824005127
-0.9233592748641968
-0.4102667272090912
-0.17034758627414703
-1.3651244640350342
-0.5088320970535278
0.8245530128479004
-1.2953078746795654
0.01748632825911045
-0.19938847422599792
-1.0219194889068604
0.8346407413482666
1.8734991550445557
0.30782124400138855
-2.078394651412964
-2.173631191253662
-0.33617234230041504
0.18334729969501495
0.374169260263443
0.5656318068504333
-2.121330499649048
-1.37287175655365
-2.169910192489624
-0.260191410779953
-2.169910192489624
-1.6389902830123901
0.6005436778068542
-2.2435646057128906
-2.1399571895599365
-1.7190179824829102
-1.890588402748108
-1.9745585918426514
-2.1885368824005127
-1.5488641262054443
-1.3095020055770874
-1.4673150777816772
0.5913372039794922
-1.8301280736923218
0.48735469579696655
-1.0098778009414673
-1.0662323236465454
-0.7091671228408813
-1.5704586505889893
-2.169910192489624
-1.6351892948150635
-1.5991617441177368
-2.1392717361450195
-1.5297729969024658
-2.169910192489624
-0.6001795530319214
-2.169910192489624
-2.131877899169922
-1.6851073503494263
-1.8535574674606323
-2.0821664333343506
-2.0821664333343506
0.7906606197357178
0.07673534750938416
-1.8996422290802002
-1.9403486251831055
-2.033916473388672
-1.6652101278305054
-0.7104411721229553
-1.637429118156433
-0.388101190328598
0.7176010012626648
0.07673534750938416
-1.7335096597671509
-1.6370497941970825
-2.169910192489624
-2.063539743423462
1.1240707635879517
0.5952262282371521
0.2818762958049774
-0.8599068522453308
-0.8699622750282288
-2.063539743423462
-2.1550045013427734
-2.012092113494873
-0.7605940103530884
-0.8795804381370544
-1.4025746583938599
-1.4299618005752563
0.27810341119766235
0.07712561637163162
-1.299004077911377
-2.1505045890808105
-1.6645467281341553
-2.1505045890808105
-1.8920958042144775
-2.079084873199463
-0.6517894268035889
-1.269739031791687
-2.1885368824005127
-1.779279351234436
-0.7053356170654297
-1.0137202739715576
0.7024982571601868
-1.7310914993286133
-2.0214779376983643
-1.1447076797485352
-1.1447076797485352
-2.037914276123047
-1.2525700330734253
-2.1885368824005127
-0.7727482318878174
-2.169910192489624
0.25924912095069885
0.6932249665260315
-0.8225283026695251
-2.169910192489624
-2.131877899169922
-1.2817732095718384
-1.1203103065490723
-1.4605274200439453
-1.7147895097732544
-1.7188502550125122
0.6576345562934875
-0.7472274899482727
-2.1885368824005127
-0.19149386882781982
1.5799576044082642
0.6287510395050049
-0.726612389087677
-0.9156567454338074
0.5424906611442566
0.28057950735092163
-2.1885368824005127
-2.1885368824005127
0.6103260517120361
1.5611701011657715
-1.0654853582382202
-1.1516700983047485
-2.169910192489624
-0.5295516848564148
-1.269790530204773
-0.13184574246406555
-1.0777535438537598
-1.5078620910644531
-0.13875657320022583
-1.2242532968521118
-1.5091242790222168
-0.1905691772699356
0.02198808081448078
-0.3262479901313782
1.2538319826126099
-0.04737969487905502
-0.3905521035194397
0.19615022838115692
-2.1885368824005127
-0.08277805149555206
-1.7274466753005981
0.3112949728965759
0.13418743014335632
-0.5129519701004028
-1.305009126663208
-0.022521020844578743
-0.623824954032898
1.938081979751587
-0.5742062926292419
0.29894140362739563
0.02565348707139492
0.020554499700665474
0.03361544758081436
-1.895870566368103
-0.2699717879295349
1.4026951789855957
0.039114609360694885
0.03589951992034912
-0.9421101808547974
-2.022641658782959
-0.33851155638694763
-0.015887968242168427
-0.9421101808547974
-0.4369724690914154
-0.010388823226094246
-0.19444333016872406
0.02565348707139492
1.7579461336135864
1.784139633178711
-0.21867723762989044
1.1444631814956665
0.2618767321109772
0.15802985429763794
-0.9745578765869141
-1.6198036670684814
-1.967613935470581
-2.169910192489624
-2.1885368824005127
-2.1885368824005127
0.10522376745939255
0.3708817660808563
-2.1885368824005127
-2.1885368824005127
-1.9323334693908691
-1.967613935470581
-2.1885368824005127
-2.1885368824005127
-2.169910192489624
-2.1885368824005127
-1.9862406253814697
-1.6930079460144043
-2.1885368824005127
-2.1885368824005127
-1.1214375495910645
-2.033916473388672
-0.39339375495910645
-2.1885368824005127
-1.1569093465805054
-2.033916473388672
-2.1885368824005127
-2.1885368824005127
-1.6182379722595215
-2.1885368824005127
-2.1885368824005127
-2.033916473388672
-0.397754967212677
-0.13184574246406555
-1.3417479991912842
-0.2225039005279541
-0.37710827589035034
-0.5399370193481445
1.9521509408950806
-0.8499561548233032
-0.623824954032898
1.177587866783142
-0.9620979428291321
1.7597543001174927
0.6427367925643921
-2.0703794956207275
-0.15337248146533966
-0.9033694863319397
-0.23532046377658844
-0.8540605902671814
-2.169910192489624
-0.9033694863319397
-0.9213107228279114
-1.5790817737579346
-0.9213107228279114
-1.967613935470581
-2.1885368824005127
-0.9033694863319397
-0.42237216234207153
-0.9033694863319397
-0.9033694863319397
-0.2169456034898758
-0.8806249499320984
-2.078394651412964
-0.9213107228279114
-1.6605408191680908
-2.1019248962402344
-1.7119883298873901
-1.6149013042449951
-2.121330499649048
-1.3069456815719604
-1.0026196241378784
-2.1505045890808105
-0.7684392333030701
-0.9186798334121704
-2.1885368824005127
-0.8001932501792908
-0.7677353024482727
0.04137040674686432
-2.1885368824005127
-2.1885368824005127
-2.1885368824005127
-2.1885368824005127
-2.1885368824005127
-2.1505045890808105
-0.8982725143432617
-1.0131871700286865
-2.1885368824005127
-1.950559377670288
-2.169910192489624
-2.131877899169922
-1.7109123468399048
0.9585847854614258
-1.9758812189102173
-2.1885368824005127
-2.131877899169922
-2.1885368824005127
-2.1885368824005127
-2.169910192489624
-0.8525310158729553
-1.2424174547195435
-0.6968252062797546
0.3089911937713623
-1.8942638635635376
-0.9994218349456787
0.18786868453025818
-1.7012264728546143
-1.5297729969024658
-0.8626837134361267
-1.1001782417297363
-0.06481391191482544
-2.1885368824005127
-0.8626837134361267
-0.06481391191482544
-1.4057695865631104
0.17162607610225677
0.17162607610225677
-0.8720018267631531
1.0296800136566162
-0.8720018267631531
0.5569329261779785
0.9391884803771973
1.2022624015808105
-1.3899002075195312
-1.1016803979873657
-1.803073525428772
1.379716157913208
-1.4435940980911255
-1.9121731519699097
0.9580036401748657
-1.451801061630249
-2.2064781188964844
-2.1878514289855957
-0.9461036920547485
-0.9997955560684204
-2.224937915802002
1.2977771759033203
-2.1885368824005127
-0.2292041927576065
-0.19317390024662018
-2.169910192489624
0.08255329728126526
1.2593096494674683
0.9689548015594482
0.6730479598045349
-2.224937915802002
-2.1885368824005127
0.10385995358228683
0.10270161926746368
-1.6784820556640625
1.6050667762756348
1.5409482717514038
0.8450358510017395
0.22255177795886993
0.9294676780700684
0.0013276580721139908
1.2012442350387573
1.6729850769042969
-2.2309987545013428
-1.1779519319534302
0.8252661228179932
-1.353121042251587
0.9182944893836975
1.0735095739364624
-0.2215196043252945
-2.249191999435425
-1.7403826713562012
-2.1885368824005127
-1.7268900871276855
-2.1885368824005127
-2.1885368824005127
-0.09667535871267319
0.17649437487125397
-1.792630910873413
-2.131877899169922
-0.4409615695476532
0.287026584148407
-1.3211567401885986
-0.6202316880226135
-2.169910192489624
-1.457961082458496
-2.1885368824005127
-2.1550045013427734
1.2812473773956299
0.22464992105960846
0.22464992105960846
0.9636769890785217
-0.8319659233093262
-0.4113350212574005
-1.3297196626663208
-0.5148600935935974
-2.1885368824005127
-0.7623845338821411
-1.8352128267288208
-1.2564549446105957
-1.740011215209961
0.25965791940689087
-1.5871292352676392
-1.0561192035675049
-2.1885368824005127
-2.1426243782043457
0.706092894077301
-0.7108860611915588
-1.1387505531311035
-1.8474427461624146
-2.1869056224823
0.869392991065979
-1.0771512985229492
-0.9315199851989746
-1.3753674030303955
-2.169910192489624
-2.136306047439575
0.31328386068344116
-0.8000027537345886
-0.30268117785453796
0.22910752892494202
1.1023272275924683
-2.169910192489624
-2.072112560272217
-2.131877899169922
0.326235830783844
1.1031197309494019
-1.9998819828033447
1.70108962059021
0.6186882257461548
-2.1885368824005127
-1.644329309463501
0.6268173456192017
1.2535419464111328
0.8888687491416931
-1.7800556421279907
-1.6875371932983398
0.958655059337616
-1.7466691732406616
-1.7089868783950806
-1.9958841800689697
-0.7274863123893738
0.6334617733955383
-1.9996559619903564
-1.8194451332092285
-1.8858214616775513
-1.9282488822937012
-2.131877899169922
-2.131877899169922
-2.1550045013427734
-2.131877899169922
-1.8474427461624146
-2.131877899169922
0.7762662172317505
-2.2055323123931885
-0.1905648112297058
-1.9530256986618042
-0.866002082824707
-1.0495737791061401
1.0036307573318481
-1.1310267448425293
-0.4721287786960602
-1.4023897647857666
-1.9307998418807983
1.68141770362854
-2.1885368824005127
-2.1885368824005127
0.5959140658378601
-1.6969070434570312
-1.9698578119277954
-2.131877899169922
-1.6597671508789062
-0.7016332149505615
0.19454382359981537
-1.4912008047103882
0.8930746912956238
1.2909613847732544
0.13017305731773376
1.0606393814086914
0.13367846608161926
0.41423991322517395
-1.2002736330032349
0.08398285508155823
-0.9740815758705139
0.10255308449268341
-0.9620829820632935
-0.7252802848815918
-0.6442655920982361
-1.394139051437378
-2.1505045890808105
-2.169910192489624
-1.8535574674606323
-2.169910192489624
-1.9579111337661743
-1.2152273654937744
-2.1885368824005127
-2.1885368824005127
-2.1885368824005127
-2.1885368824005127
-2.173631191253662
-1.812103509902954
-0.01673598401248455
-0.01673598401248455
0.11049076169729233
-0.17176787555217743
-2.1885368824005127
-2.169910192489624
-0.5863884687423706
-1.8497858047485352
-2.033916473388672
-2.033916473388672
-2.1885368824005127
-0.878011167049408
-1.8497858047485352
-1.0221272706985474
-0.21696045994758606
0.08217674493789673
0.11049076169729233
-0.7974218726158142
-0.7974218726158142
-0.7974218726158142
-1.901444911956787
-2.1885368824005127
-2.1885368824005127
-0.9298948645591736
0.29492929577827454
-2.1885368824005127
-2.033916473388672
-2.1885368824005127
-2.1885368824005127
-2.1885368824005127
1.30390465259552
-1.059809684753418
0.1839085966348648
-0.9748541712760925
-1.7919294834136963
-0.07837550342082977
-0.7572470903396606
-0.5366297960281372
-1.2210206985473633
-0.9748541712760925
-1.9862406253814697
-1.6121710538864136
-1.2519055604934692
-2.1885368824005127
-2.1885368824005127
-0.6371752023696899
-1.2272545099258423
-0.0016703400760889053
-0.31558480858802795
-2.169910192489624
-0.5698135495185852
-2.1885368824005127
-2.033916473388672
1.0069705247879028
-1.7741711139678955
-1.1919138431549072
-2.169910192489624
0.7183747887611389
2.0892231464385986
-1.8872736692428589
0.3703429698944092
-1.7531864643096924
-2.169910192489624
-1.7581921815872192
-2.2063803672790527
1.0868791341781616
-0.8821856379508972
-1.1521672010421753
-2.1885368824005127
-2.169910192489624
-2.1885368824005127
0.21789854764938354
0.5611303448677063
0.4642640948295593
0.10430026054382324
0.3455970287322998
0.20116651058197021
-0.5805040597915649
0.3400234878063202
-2.1885368824005127
-1.0022870302200317
-2.202608585357666
-1.3056368827819824
0.825375497341156
-0.4321392774581909
-1.8180878162384033
-1.902883529663086
-1.4348454475402832
-0.541347861289978
-2.1885368824005127
-1.2152273654937744
-0.8626837134361267
-0.4321392774581909
-1.9543310403823853
-0.4321392774581909
-0.07165086269378662
-2.169910192489624
-2.169910192489624
-2.169910192489624
-1.8089057207107544
-1.477189302444458
-1.9543310403823853
-1.902883529663086
0.3400234878063202
-2.1885368824005127
-2.169910192489624
1.457977533340454
-0.8833514451980591
-1.1537442207336426
-0.20051933825016022
-2.152681350708008
0.7511594891548157
-2.175971031188965
-0.020946288481354713
-2.173631191253662
-2.001110076904297
-0.8839628100395203
-1.918368935585022
0.042583756148815155
-1.387055516242981
-0.5563525557518005
-1.2677298784255981
-0.7416936159133911
-0.6747103929519653
-0.00597588624805212
-0.2198280394077301
-0.6338175535202026
-0.47011837363243103
0.2558774948120117
-2.1169722080230713
-0.5884702801704407
1.0227190256118774
-1.6946277618408203
-1.3327964544296265
-0.33317503333091736
-2.169910192489624
-1.1425763368606567
1.2874001264572144
0.2388942390680313
-2.169910192489624
-0.7623249292373657
-1.5180920362472534
-2.0984904766082764
-1.7565416097640991
-1.6268165111541748
0.22069552540779114
-0.22489576041698456
1.0845447778701782
-2.13559889793396
-2.1885368824005127
0.14665433764457703
-0.6428307890892029
-2.131877899169922
-2.169910192489624
-2.002669334411621
-1.9010497331619263
-2.1885368824005127
-2.173631191253662
-2.169910192489624
1.5799576044082642
-2.169910192489624
-2.1885368824005127
-1.9862406253814697
-2.1885368824005127
-0.20012065768241882
-2.131877899169922
-2.169910192489624
-2.169910192489624
0.18812362849712372
-2.080561637878418
-2.1869056224823
-0.34796053171157837
-2.1885368824005127
0.9988856315612793
0.1579938679933548
0.730546772480011
0.012450417503714561
-0.7401528358459473
-1.9307998418807983
0.6134957075119019
-2.2055323123931885
-0.18120510876178741
-2.164771556854248
1.1203597784042358
-2.099491834640503
0.4670197367668152
-1.1645523309707642
-2.131877899169922
0.17272016406059265
-1.9403486251831055
0.56397944688797
-1.239728331565857
0.008746106177568436
-1.0483888387680054
-1.2070891857147217
-2.242781400680542
1.9348907470703125
-2.0034587383270264
-1.9575462341308594
-2.1505045890808105
-1.3094542026519775
0.3772319257259369
0.08396080881357193
-2.1885368824005127
-0.12375179678201675
-2.13559889793396
0.992544412612915
0.5405654311180115
1.0368365049362183
0.46743741631507874
-1.84940505027771
-2.1505045890808105
-1.6298067569732666
-2.1885368824005127
-2.1019248962402344
-2.1505045890808105
-1.0063371658325195
-2.037914276123047
-2.13559889793396
-1.4202172756195068
1.0183767080307007
-1.1523959636688232
1.0762407779693604
-2.1885368824005127
-1.2595242261886597
-2.144205331802368
0.5584050416946411
-0.3828030228614807
0.8679044842720032
-2.173631191253662
-2.1505045890808105
-0.3026893138885498
1.4144994020462036
-1.9958841800689697
-2.0933518409729004
0.21015655994415283
-1.0121480226516724
-2.1019248962402344
-2.1505045890808105
-2.1505045890808105
-0.7184635996818542
-0.4582008719444275
-0.5829885005950928
0.06566260010004044
1.670308232307434
0.2095734030008316
1.772540807723999
-2.0516722202301025
-1.7392207384109497
-2.0079586505889893
-1.0510460138320923
0.532526969909668
-1.0861539840698242
-2.131877899169922
-2.131877899169922
-0.06049835681915283
1.0785865783691406
-0.5528313517570496
-2.028470754623413
1.1727877855300903
-1.1350111961364746
-0.7303406000137329
-1.4449257850646973
-2.1885368824005127
-2.169910192489624
-0.2290946990251541
-0.4235028624534607
0.2166578471660614
-0.8133748173713684
-2.169910192489624
-0.6301729679107666
-0.6797187924385071
-0.2151014357805252
-1.2624696493148804
-2.169910192489624
-2.1616830825805664
-1.7516484260559082
1.4712767601013184
-2.1019248962402344
-2.2778806686401367
-0.9048455357551575
0.7356566190719604
-1.8195635080337524
-1.178952932357788
-1.8138384819030762
-2.121330499649048
0.558112382888794
-2.1169722080230713
0.05321160703897476
-0.06579217314720154
-0.02768016792833805
0.2536063492298126
-1.2595242261886597
-2.131877899169922
-1.857907772064209
-1.5496270656585693
-2.2064781188964844
-1.9010677337646484
-1.734228253364563
-0.5435031652450562
-1.2565271854400635
-0.9953887462615967
-1.6449788808822632
-2.2064781188964844
-1.438542366027832
-1.3648947477340698
0.21657979488372803
-1.5821906328201294
-1.004923701286316
0.1468440294265747
0.5424906611442566
-0.5341708064079285
-2.169910192489624
-0.759352445602417
1.5131192207336426
-0.9956294894218445
-0.06811438500881195
-1.239660382270813
1.098501205444336
-0.5759689807891846
0.26420482993125916
0.6418982744216919
0.9741994142532349
-1.0519285202026367
0.8137333989143372
0.16428592801094055
-0.5383363366127014
-0.3724272847175598
-1.4229716062545776
-0.7517927289009094
-1.2421237230300903
0.9468895792961121
-1.7633990049362183
-0.0036023911088705063
-2.0851123332977295
-1.2599159479141235
0.5879632234573364
1.4965413808822632
-0.1394788771867752
0.8110129833221436
-2.169910192489624
-2.173631191253662
-0.49472576379776
-0.4511953592300415
-1.9812428951263428
0.13200229406356812
-1.9066154956817627
0.018140997737646103
-2.1550045013427734
-1.7787673473358154
0.1148509681224823
-1.3836325407028198
-1.3293735980987549
0.21243585646152496
-1.3404048681259155
-2.169910192489624
-0.5000084042549133
-0.8927783966064453
-0.4214610457420349
0.518684983253479
-2.169910192489624
-0.8133748173713684
-0.27003052830696106
-1.8137296438217163
-1.8474427461624146
0.746978759765625
-1.56279718875885
0.8898941278457642
0.8741111159324646
-0.8845131397247314
-2.1885368824005127
-1.203708529472351
-2.131877899169922
0.36258968710899353
-1.655495524406433
-1.1550692319869995
2.1565873622894287
1.3163492679595947
-2.169910192489624
-2.169910192489624
-1.8904247283935547
-2.0832982063293457
-0.18120042979717255
0.320281058549881
-1.4194225072860718
0.019685793668031693
-2.13559889793396
-2.1869056224823
-2.131877899169922
-2.1885368824005127
-0.8744540810585022
-2.131877899169922
-1.065996766090393
0.21019048988819122
-0.6525575518608093
0.7025029063224792
-1.1042083501815796
-2.1550045013427734
-1.5546832084655762
-2.0664148330688477
-1.6268165111541748
-0.5914962887763977
2.1771788597106934
-2.169910192489624
0.9943758249282837
1.831207036972046
-2.1169722080230713
-2.1505045890808105
-0.1356610804796219
0.7760407328605652
1.3495773077011108
-2.169910192489624
-1.8137296438217163
-2.1869056224823
-2.1885368824005127
-2.1885368824005127
-2.1347219944000244
-2.1505045890808105
-2.052123785018921
-2.1869056224823
-1.9139820337295532
-1.9164924621582031
-0.15723496675491333
1.4368914365768433
-2.060458183288574
-1.6850627660751343
-0.7758405208587646
-1.0293718576431274
-1.675650715827942
-2.0437920093536377
-0.6495014429092407
-1.9520142078399658
-1.3827896118164062
-1.0725483894348145
-1.8551372289657593
-1.5263983011245728
-2.131877899169922
-1.6850627660751343
-1.6850627660751343
-0.5284143686294556
-0.7807456851005554
-2.131877899169922
-2.0019690990448
0.6138290762901306
0.46103042364120483
0.5013951659202576
-1.3785014152526855
-1.9095345735549927
-0.6323878765106201
-0.4536036252975464
-1.5534700155258179
-1.6305292844772339
-1.5812205076217651
-2.1021194458007812
-2.173631191253662
0.949261486530304
0.5609128475189209
0.31262004375457764
-2.169910192489624
1.1325138807296753
-1.577050805091858
-0.010494256392121315
-0.5395159125328064
-1.9333875179290771
-1.5340828895568848
1.502368450164795
-2.173631191253662
-1.2973347902297974
-2.169910192489624
0.02054620534181595
0.04795467108488083
-2.130058526992798
-1.336687684059143
-1.017293095588684
-2.1885368824005127
0.30345407128334045
-1.322312831878662
1.4119144678115845
0.648406445980072
0.11989834159612656
-1.3565305471420288
-2.173631191253662
1.5409482717514038
-1.7811535596847534
-1.8558777570724487
-2.131877899169922
-2.169910192489624
-0.3008887767791748
-2.0832982063293457
-1.5151036977767944
1.1171081066131592
-2.1885368824005127
0.3673027753829956
2.0219850540161133
0.3673027753829956
0.9438492655754089
-2.1885368824005127
-1.0673651695251465
0.4154478907585144
0.9438492655754089
1.9781649112701416
0.4154478907585144
-2.1885368824005127
-2.169910192489624
1.1960546970367432
2.112657070159912
-0.8687862157821655
-2.2435646057128906
-1.9459229707717896
-2.1885368824005127
-2.169910192489624
-2.1885368824005127
-2.078394651412964
-0.8760777115821838
-1.863923192024231
-2.1885368824005127
-1.552484154701233
-1.9217658042907715
-2.033916473388672
-2.1885368824005127
-2.1885368824005127
-1.6542326211929321
-1.6624398231506348
-2.078394651412964
-2.169910192489624
-2.033916473388672
-2.1885368824005127
-2.169910192489624
-1.877287745475769
-1.457413673400879
-2.164771556854248
-1.341058611869812
-1.8497858047485352
-1.7473728656768799
-2.173631191253662
-2.169910192489624
-1.8942638635635376
-2.1885368824005127
-2.1885368824005127
-2.1885368824005127
-2.1878514289855957
-2.1885368824005127
-2.1885368824005127
-2.1885368824005127
-2.169910192489624
-2.169910192489624
-2.059767961502075
-2.2064781188964844
0.24097101390361786
0.7631171941757202
-2.1505045890808105
0.14081361889839172
-2.1878514289855957
1.5184459686279297
-0.9019560813903809
-2.1885368824005127
-0.2689318060874939
0.3449242413043976
-0.2412756234407425
-0.620151698589325
0.4465947151184082
-1.9235516786575317
-0.582034170627594
-0.07165572792291641
-1.9124698638916016
0.2598707973957062
0.8126606345176697
0.7230578064918518
-2.1885368824005127
-0.36702343821525574
-0.9171342849731445
-1.751144528388977
-2.169910192489624
-2.1885368824005127
0.7701368927955627
0.6995159983634949
-1.596832275390625
1.3282567262649536
-2.1885368824005127
0.08337592333555222
0.044672731310129166
0.18761485815048218
0.7308875918388367
-1.648031234741211
-0.01999027281999588
0.052286140620708466
0.7640020847320557
-1.841871976852417
-0.8525310158729553
0.3341035842895508
0.29592806100845337
0.9429476857185364
0.31830933690071106
-2.1885368824005127
-2.131877899169922
-1.9998819828033447
0.8303115963935852
-2.1505045890808105
-0.46944037079811096
-2.131877899169922
0.21376024186611176
1.8055579662322998
-1.764515995979309
-1.1226862668991089
-2.2064781188964844
-1.6361063718795776
-1.2374216318130493
-2.1878514289855957
-2.2064781188964844
-0.85029536485672
-1.6214944124221802
-1.7094883918762207
-0.5513455271720886
-2.2064781188964844
-2.2064781188964844
-1.1436865329742432
-1.2579269409179688
-1.416219711303711
-0.9379119277000427
-1.2434214353561401
-1.2224875688552856
0.21653401851654053
-2.2064781188964844
-1.4539021253585815
-2.1392717361450195
-2.0518577098846436
-0.7842453122138977
-1.4757206439971924
-1.5846699476242065
-0.7528286576271057
-1.0570573806762695
-2.1505045890808105
-1.2756774425506592
-2.1878514289855957
-1.7501740455627441
-0.2948034405708313
-1.6214944124221802
-0.9322033524513245
-1.6659724712371826
-0.2146584689617157
-0.5239892601966858
-0.15646839141845703
-0.31375035643577576
-1.3352851867675781
-1.4615211486816406
-0.6284654140472412
-1.1497844457626343
-1.6214944124221802
-1.7688006162643433
-1.775790810585022
-0.435392290353775
-1.7188293933868408
-1.775790810585022
-1.980437994003296
-1.5916601419448853
-1.9304111003875732
-1.4072946310043335
-1.1504298448562622
-1.4214131832122803
-1.7310914993286133
-1.980437994003296
-2.2064781188964844
-1.5807002782821655
-1.5735657215118408
-1.1864756345748901
-2.1878514289855957
-0.9469662308692932
-2.2064781188964844
-2.2064781188964844
-1.3655327558517456
0.19852541387081146
-0.8238441348075867
-2.2064781188964844
-2.2064781188964844
-1.3151506185531616
-1.0950138568878174
-1.4099122285842896
-1.1963095664978027
-2.2064781188964844
-2.2064781188964844
-0.7166391611099243
-1.7310914993286133
-0.9475851655006409
-0.7842453122138977
-0.7525721192359924
-1.1565932035446167
-1.1712090969085693
-2.2064781188964844
-1.020348310470581
-2.158783197402954
-2.2064781188964844
0.807512104511261
-0.8074111938476562
-0.4148526191711426
-1.1103365421295166
-2.2064781188964844
-0.7794968485832214
0.346545934677124
-1.8727545738220215
-2.2064781188964844
-1.3030149936676025
-0.9133052229881287
-2.2064781188964844
-0.7842453122138977
-1.9304111003875732
-1.351073980331421
-1.8202688694000244
-2.1350584030151367
-2.2064781188964844
-1.1452159881591797
-1.246364951133728
-2.2064781188964844
-2.169910192489624
-1.3030149936676025
-1.8314638137817383
-1.8900907039642334
-1.417521595954895
-2.169910192489624
0.16324695944786072
1.6561614274978638
1.5680301189422607
0.12897244095802307
1.0409749746322632
-0.529770016670227
1.6465883255004883
-2.169910192489624
0.6069713830947876
-0.529770016670227
-0.529770016670227
-2.1869056224823
-1.719167709350586
-2.131877899169922
1.0781242847442627
0.9661478996276855
-0.5350126028060913
-2.1379387378692627
-0.3318975865840912
-2.1869056224823
0.6429786086082458
-2.144205331802368
0.17070478200912476
-0.9547899961471558
-2.144205331802368
-0.39132940769195557
-0.5258094668388367
1.4483338594436646
-0.9388781785964966
0.6938773989677429
1.1029201745986938
0.4725284278392792
-0.1910175234079361
-2.1505045890808105
-2.13559889793396
-0.29009294509887695
-2.131877899169922
-2.131877899169922
-0.6002668142318726
0.01024634949862957
-1.1002638339996338
-0.8841732740402222
-2.1123273372650146
-1.535254716873169
-2.101320266723633
-1.9662684202194214
-1.86855947971344
-2.033916473388672
-0.41541391611099243
-2.169910192489624
-2.1885368824005127
-1.6683228015899658
-2.1878514289855957
-1.3104795217514038
-0.48163676261901855
-1.260231852531433
-2.249191999435425
-1.1128144264221191
-1.3265539407730103
-0.5744717121124268
2.101710319519043
0.3214178681373596
0.19125746190547943
-0.9460168480873108
0.3238285779953003
0.7932525873184204
0.7390872836112976
-1.3475453853607178
0.2740061283111572
-1.291737675666809
-0.4121471345424652
-0.5391578674316406
0.18836800754070282
0.8504606485366821
-0.31767523288726807
-2.015289783477783
-0.5336243510246277
-0.1646811068058014
-0.956979513168335
-1.2306462526321411
0.16540053486824036
0.5647996068000793
-2.1885368824005127
-1.8497858047485352
-1.9307998418807983
-1.8497858047485352
-2.1885368824005127
-1.1775450706481934
-2.1505045890808105
1.2531967163085938
-1.2724473476409912
-1.2724473476409912
-1.8892641067504883
-2.0747690200805664
-1.2683285474777222
-0.38477063179016113
0.1079154834151268
-0.14402566850185394
-2.1885368824005127
-2.1885368824005127
0.03800642490386963
0.7390872836112976
0.6566601395606995
0.5089150667190552
0.687677800655365
0.7932525873184204
0.7390872836112976
0.8312510848045349
0.21233858168125153
0.0944795310497284
-2.169910192489624
-2.1885368824005127
-2.1885368824005127
1.0163993835449219
-1.9307998418807983
-0.6711521148681641
0.8847799301147461
0.9604172706604004
-2.1505045890808105
0.389974445104599
-2.1878514289855957
-2.131877899169922
-2.173631191253662
-2.224937915802002
-0.7032327055931091
1.4769877195358276
-1.6275278329849243
-2.1505045890808105
-1.7371901273727417
-0.41887950897216797
-2.1505045890808105
-2.175285577774048
-2.1505045890808105
-2.1505045890808105
-0.38268259167671204
-2.131877899169922
0.8402780890464783
0.13804294168949127
-1.668481469154358
-0.03618372231721878
0.9381338357925415
-2.144205331802368
0.12992124259471893
-1.874437689781189
-1.093299150466919
-0.3418819010257721
0.56397944688797
-2.131877899169922
-1.815097689628601
-1.7032582759857178
0.4798986315727234
0.7072765231132507
-1.2372565269470215
-2.2435646057128906
-1.4289040565490723
-0.18790985643863678
-2.175971031188965
-2.1885368824005127
1.0410586595535278
-1.2875791788101196
-1.3401620388031006
0.5747483372688293
-0.6966086626052856
0.5753019452095032
1.3345180749893188
-2.1885368824005127
-0.18770289421081543
-1.9117844104766846
-2.1169722080230713
0.5279589891433716
-0.17183811962604523
-2.1550045013427734
1.2728792428970337
0.3572513461112976
1.5106549263000488
-2.1885368824005127
-2.033916473388672
-2.019906520843506
-1.2684391736984253
1.716773271560669
-2.1505045890808105
-2.1505045890808105
-1.7563101053237915
-2.1505045890808105
-1.776282548904419
-1.9251909255981445
-1.776282548904419
-2.106173038482666
-1.8652076721191406
-2.131877899169922
-2.131877899169922
-1.2026346921920776
-1.2468080520629883
-0.28929316997528076
-0.359749436378479
-0.359749436378479
0.2840702533721924
-1.2266900539398193
0.37786200642585754
0.5497314929962158
-0.07312661409378052
-2.1885368824005127
0.029189059510827065
-0.42131051421165466
1.4871891736984253
0.10275012254714966
-1.3752020597457886
0.8769659399986267
-2.1885368824005127
-2.169910192489624
-0.009810252115130424
-2.2309987545013428
-1.3564566373825073
1.490952491760254
-0.5616280436515808
-2.169910192489624
0.9054499268531799
-1.9543310403823853
-0.6058417558670044
0.1470663845539093
-0.5400089621543884
-1.751144528388977
-0.4346886873245239
-1.2025845050811768
-2.1550045013427734
-1.8949764966964722
-1.4397145509719849
-2.376695156097412
0.048325635492801666
-0.028173943981528282
-0.7887765765190125
-0.006344297900795937
-0.266938179731369
-0.266938179731369
-2.264282703399658
0.05405765026807785
-2.169910192489624
0.7317613959312439
0.5139107704162598
-2.1885368824005127
-0.04897288233041763
-1.9307998418807983
-2.1505045890808105
-1.2002595663070679
-1.3290332555770874
-1.9998819828033447
1.058428168296814
-2.1505045890808105
-1.6377493143081665
-1.9812428951263428
0.047694236040115356
-1.9812428951263428
-0.4377875328063965
0.5157287120819092
-1.4317728281021118
-1.7571619749069214
0.6167553663253784
-2.131877899169922
1.1531195640563965
-1.0963729619979858
-1.9435691833496094
-1.4743322134017944
1.4483338594436646
0.45376133918762207
-2.1505045890808105
-0.18208235502243042
-2.144205331802368
-0.6986541152000427
-1.247527003288269
0.09039457142353058
-0.12983481585979462
-2.173631191253662
-1.9124698638916016
-1.4217485189437866
-2.0549097061157227
-2.1885368824005127
-2.169910192489624
-1.967613935470581
-2.1885368824005127
-1.3309623003005981
0.02724784053862095
-2.169910192489624
-0.507339596748352
-0.0696183443069458
1.2077945470809937
-0.16255949437618256
-1.7215073108673096
-1.291685700416565
0.08477254956960678
-1.1066030263900757
-1.466694712638855
-2.173631191253662
-2.3248207569122314
1.0522253513336182
-2.131877899169922
-1.8194552659988403
-1.6513699293136597
-0.2990058958530426
-2.1885368824005127
-2.0897045135498047
-0.008588943630456924
-2.1885368824005127
-0.693534791469574
-1.8996422290802002
-1.1415565013885498
-2.1885368824005127
-1.0136582851409912
-0.33423367142677307
-0.8324657082557678
-0.33707791566848755
-1.5150803327560425
-1.154471755027771
1.3617030382156372
-0.2549152970314026
-1.0805546045303345
-0.7565984129905701
-2.175971031188965
-0.018559927120804787
-0.9251584410667419
-0.048828259110450745
-0.8860392570495605
0.18189458549022675
0.14089129865169525
0.16395333409309387
-1.7119883298873901
0.1840333193540573
-0.7342997193336487
-1.4798170328140259
-2.1610653400421143
0.44157809019088745
-1.7101737260818481
-0.36961638927459717
-1.2047309875488281
-1.4611133337020874
-0.7564508318901062
0.5003913044929504
-2.1885368824005127
-1.5895329713821411
-1.5861356258392334
0.8248546719551086
-1.7973939180374146
-1.3574824333190918
-2.224937915802002
-2.1399571895599365
-1.1996773481369019
0.11043655127286911
-1.6320610046386719
-2.1885368824005127
0.247975692152977
-1.4960315227508545
-0.8770622611045837
-2.078155040740967
-0.8282281160354614
-2.175971031188965
-2.1505045890808105
-2.1885368824005127
-1.2128877639770508
-2.1685433387756348
-2.1505045890808105
-0.26048222184181213
-1.8996422290802002
-2.1885368824005127
-2.1885368824005127
-0.338309645652771
-0.7723174095153809
-1.2220231294631958
0.8766024708747864
-0.40569251775741577
-1.6447577476501465
-1.0211809873580933
-1.1106606721878052
-0.9827046990394592
-1.68544340133667
1.8350164890289307
-0.7351589202880859
-2.2064781188964844
-0.006657466292381287
-0.7353249192237854
0.265462189912796
-1.874437689781189
