0.065832
0.781344
0.415189
0.867269
0.755934
0.0207363
0.202523
0.233322
0.982895
0.693671
0.691314
0.913208
0.292864
0.869083
0.222407
0.746993
0.723755
0.824669
0.849403
0.188023
0.827578
0.822956
0.564278
0.379211
0.0664853
0.919915
0.491904
0.503523
0.486194
0.0890765
0.509519
0.552026
0.870421
0.924707
0.419294
0.626355
0.945444
0.621817
0.859677
0.928338
0.315488
0.550991
0.841546
0.608352
0.420074
0.0639534
0.355345
0.143829
0.888622
0.204747
0.331852
0.7162
0.0277035
0.896131
0.0954109
0.0941888
0.816046
0.587315
0.597712
0.30224
0.676391
0.10723
0.854265
0.546812
0.0319377
0.273559
0.173167
0.977381
0.895376
0.032844
0.90572
0.210864
0.583835
0.747266
0.819216
0.00390836
0.811219
0.174561
0.147737
0.699842
0.379308
0.479589
0.416042
0.407011
0.37572
0.511453
0.5012
0.191766
0.0987677
0.0989115
0.494005
0.775159
0.206142
0.348271
0.321971
0.23808
0.62183
0.495138
0.215461
0.517206
