0.005620	221	3
0.022882	221	3
0.009563	32	26
0.004852	64	56
0.004377	338	152
0.002615	389	130
0.002977	338	89
0.002110	29	13
0.003457	384	187
0.002179	409	141
0.006260	27	8
0.014165	42	17
0.004918	42	8
0.002915	122	61
0.003738	41	9
0.006734	411	77
0.000527	31	6
0.005849	26	17
0.002697	32	12
0.004103	31	10
0.003856	74	25
0.001857	31	6
0.001618	283	195
0.005889	29	5
0.002047	276	112
0.002042	406	67
0.008375	275	97
0.000314	50	28
0.002930	77	32
0.007488	383	248
0.011392	26	2
0.004109	26	2
0.003929	26	2
0.004791	26	2
0.004108	26	2
0.005538	26	2
0.002594	305	131
0.007577	34	15
0.001571	35	3
0.002572	274	32
0.003504	35	13
0.002721	35	7
0.004711	35	22
0.004903	32	10
0.005128	27	21
0.007919	32	15
0.007750	118	73
0.009928	276	43
0.004253	78	19
0.005328	406	48
0.004725	106	60
0.011428	382	151
0.001299	37	23
0.001456	200	128
0.002033	181	16
0.005857	37	13
0.005776	324	107
0.003509	44	20
0.003229	69	38
0.002332	246	63
0.005766	273	95
0.004390	28	25
0.005172	309	74
0.006207	27	12
0.006082	145	34
0.006062	289	252
0.004391	32	4
0.003943	219	77
0.005055	275	48
0.006321	52	36
0.006352	66	12
0.006006	115	61
0.004374	73	26
0.004664	73	20
0.001341	58	25
0.008275	84	28
0.003621	117	52
0.002947	247	106
0.003318	215	59
0.005406	25	7
0.002456	256	88
0.003341	29	4
0.002970	34	12
0.005084	29	10
0.005760	798	167
0.001993	142	28
0.000377	33	14
0.004074	51	11
0.006692	31	5
0.005370	332	19
0.003393	25	6
0.003298	52	20
0.004366	27	8
0.003472	143	24
0.003179	88	60
0.003337	1215	238
0.002628	1310	246
0.002428	87	51
0.005113	118	47
0.001436	60	14
